Molecule name: CO2   
  z             z-rho [g/ml]           z-rho [1/A^3]
  0.2500         0.0000000E+00          0.0000000E+00
  0.7500         0.0000000E+00          0.0000000E+00
  1.2500         0.0000000E+00          0.0000000E+00
  1.7500         0.0000000E+00          0.0000000E+00
  2.2500         0.0000000E+00          0.0000000E+00
  2.7500         0.0000000E+00          0.0000000E+00
  3.2500         0.0000000E+00          0.0000000E+00
  3.7500         0.0000000E+00          0.0000000E+00
  4.2500         0.0000000E+00          0.0000000E+00
  4.7500         0.0000000E+00          0.0000000E+00
  5.2500         0.0000000E+00          0.0000000E+00
  5.7500         0.0000000E+00          0.0000000E+00
  6.2500         0.0000000E+00          0.0000000E+00
  6.7500         0.0000000E+00          0.0000000E+00
  7.2500         0.0000000E+00          0.0000000E+00
  7.7500         0.0000000E+00          0.0000000E+00
  8.2500         0.0000000E+00          0.0000000E+00
  8.7500         0.0000000E+00          0.0000000E+00
  9.2500         0.0000000E+00          0.0000000E+00
  9.7500         0.0000000E+00          0.0000000E+00
 10.2500         0.0000000E+00          0.0000000E+00
 10.7500         0.0000000E+00          0.0000000E+00
 11.2500         0.0000000E+00          0.0000000E+00
 11.7500         0.0000000E+00          0.0000000E+00
 12.2500         0.0000000E+00          0.0000000E+00
 12.7500         0.0000000E+00          0.0000000E+00
 13.2500         0.0000000E+00          0.0000000E+00
 13.7500         0.0000000E+00          0.0000000E+00
 14.2500         0.0000000E+00          0.0000000E+00
 14.7500         0.0000000E+00          0.0000000E+00
 15.2500         0.0000000E+00          0.0000000E+00
 15.7500         0.0000000E+00          0.0000000E+00
 16.2500         0.0000000E+00          0.0000000E+00
 16.7500         0.0000000E+00          0.0000000E+00
 17.2500         0.0000000E+00          0.0000000E+00
 17.7500         0.0000000E+00          0.0000000E+00
 18.2500         0.0000000E+00          0.0000000E+00
 18.7500         0.0000000E+00          0.0000000E+00
 19.2500         0.0000000E+00          0.0000000E+00
 19.7500         0.0000000E+00          0.0000000E+00
 20.2500         0.0000000E+00          0.0000000E+00
 20.7500         0.0000000E+00          0.0000000E+00
 21.2500         0.0000000E+00          0.0000000E+00
 21.7500         0.0000000E+00          0.0000000E+00
 22.2500         0.0000000E+00          0.0000000E+00
 22.7500         0.0000000E+00          0.0000000E+00
 23.2500         0.0000000E+00          0.0000000E+00
 23.7500         0.0000000E+00          0.0000000E+00
 24.2500         0.0000000E+00          0.0000000E+00
 24.7500         0.0000000E+00          0.0000000E+00
 25.2500         0.0000000E+00          0.0000000E+00
 25.7500         0.0000000E+00          0.0000000E+00
 26.2500         0.0000000E+00          0.0000000E+00
 26.7500         0.0000000E+00          0.0000000E+00
 27.2500         0.0000000E+00          0.0000000E+00
 27.7500         0.1341339E+00          0.1835431E-02
 28.2500         0.0000000E+00          0.0000000E+00
 28.7500         0.0000000E+00          0.0000000E+00
 29.2500         0.0000000E+00          0.0000000E+00
 29.7500         0.0000000E+00          0.0000000E+00
 30.2500         0.0000000E+00          0.0000000E+00
 30.7500         0.0000000E+00          0.0000000E+00
 31.2500         0.6706694E-01          0.9177155E-03
 31.7500         0.0000000E+00          0.0000000E+00
 32.2500         0.0000000E+00          0.0000000E+00
 32.7500         0.0000000E+00          0.0000000E+00
 33.2500         0.0000000E+00          0.0000000E+00
 33.7500         0.0000000E+00          0.0000000E+00
 34.2500         0.0000000E+00          0.0000000E+00
 34.7500         0.0000000E+00          0.0000000E+00
 35.2500         0.0000000E+00          0.0000000E+00
 35.7500         0.6706694E-01          0.9177155E-03
 36.2500         0.0000000E+00          0.0000000E+00
 36.7500         0.0000000E+00          0.0000000E+00
 37.2500         0.6706694E-01          0.9177155E-03
 37.7500         0.0000000E+00          0.0000000E+00
 38.2500         0.6706694E-01          0.9177155E-03
 38.7500         0.0000000E+00          0.0000000E+00
 39.2500         0.0000000E+00          0.0000000E+00
 39.7500         0.6706694E-01          0.9177155E-03
 40.2500         0.0000000E+00          0.0000000E+00
 40.7500         0.0000000E+00          0.0000000E+00
 41.2500         0.0000000E+00          0.0000000E+00
 41.7500         0.6706694E-01          0.9177155E-03
 42.2500         0.6706694E-01          0.9177155E-03
 42.7500         0.0000000E+00          0.0000000E+00
 43.2500         0.0000000E+00          0.0000000E+00
 43.7500         0.6706694E-01          0.9177155E-03
 44.2500         0.0000000E+00          0.0000000E+00
 44.7500         0.6706694E-01          0.9177155E-03
 45.2500         0.0000000E+00          0.0000000E+00
 45.7500         0.6706694E-01          0.9177155E-03
 46.2500         0.0000000E+00          0.0000000E+00
 46.7500         0.0000000E+00          0.0000000E+00
 47.2500         0.0000000E+00          0.0000000E+00
 47.7500         0.0000000E+00          0.0000000E+00
 48.2500         0.6706694E-01          0.9177155E-03
 48.7500         0.0000000E+00          0.0000000E+00
 49.2500         0.6706694E-01          0.9177155E-03
 49.7500         0.0000000E+00          0.0000000E+00
 50.2500         0.0000000E+00          0.0000000E+00
 50.7500         0.0000000E+00          0.0000000E+00
 51.2500         0.0000000E+00          0.0000000E+00
 51.7500         0.0000000E+00          0.0000000E+00
 52.2500         0.0000000E+00          0.0000000E+00
 52.7500         0.0000000E+00          0.0000000E+00
 53.2500         0.0000000E+00          0.0000000E+00
 53.7500         0.0000000E+00          0.0000000E+00
 54.2500         0.0000000E+00          0.0000000E+00
 54.7500         0.0000000E+00          0.0000000E+00
 55.2500         0.0000000E+00          0.0000000E+00
 55.7500         0.0000000E+00          0.0000000E+00
 56.2500         0.0000000E+00          0.0000000E+00
 56.7500         0.0000000E+00          0.0000000E+00
 57.2500         0.0000000E+00          0.0000000E+00
 57.7500         0.0000000E+00          0.0000000E+00
 58.2500         0.0000000E+00          0.0000000E+00
 58.7500         0.0000000E+00          0.0000000E+00
 59.2500         0.0000000E+00          0.0000000E+00
 59.7500         0.0000000E+00          0.0000000E+00
 60.2500         0.0000000E+00          0.0000000E+00
 60.7500         0.0000000E+00          0.0000000E+00
 61.2500         0.0000000E+00          0.0000000E+00
 61.7500         0.0000000E+00          0.0000000E+00
 62.2500         0.0000000E+00          0.0000000E+00
 62.7500         0.0000000E+00          0.0000000E+00
 63.2500         0.0000000E+00          0.0000000E+00
 63.7500         0.0000000E+00          0.0000000E+00
 64.2500         0.6706694E-01          0.9177155E-03
 64.7500         0.0000000E+00          0.0000000E+00
 65.2500         0.0000000E+00          0.0000000E+00
 65.7500         0.6706694E-01          0.9177155E-03
 66.2500         0.0000000E+00          0.0000000E+00
 66.7500         0.0000000E+00          0.0000000E+00
 67.2500         0.0000000E+00          0.0000000E+00
 67.7500         0.0000000E+00          0.0000000E+00
 68.2500         0.0000000E+00          0.0000000E+00
 68.7500         0.0000000E+00          0.0000000E+00
 69.2500         0.6706694E-01          0.9177155E-03
 69.7500         0.0000000E+00          0.0000000E+00
 70.2500         0.0000000E+00          0.0000000E+00
 70.7500         0.0000000E+00          0.0000000E+00
 71.2500         0.0000000E+00          0.0000000E+00
 71.7500         0.0000000E+00          0.0000000E+00
 72.2500         0.0000000E+00          0.0000000E+00
 72.7500         0.0000000E+00          0.0000000E+00
 73.2500         0.0000000E+00          0.0000000E+00
 73.7500         0.0000000E+00          0.0000000E+00
 74.2500         0.0000000E+00          0.0000000E+00
 74.7500         0.0000000E+00          0.0000000E+00
 75.2500         0.6706694E-01          0.9177155E-03
 75.7500         0.0000000E+00          0.0000000E+00
 76.2500         0.0000000E+00          0.0000000E+00
 76.7500         0.0000000E+00          0.0000000E+00
 77.2500         0.0000000E+00          0.0000000E+00
 77.7500         0.0000000E+00          0.0000000E+00
 78.2500         0.6706694E-01          0.9177155E-03
 78.7500         0.0000000E+00          0.0000000E+00
 79.2500         0.0000000E+00          0.0000000E+00
 79.7500         0.0000000E+00          0.0000000E+00
 80.2500         0.0000000E+00          0.0000000E+00
 80.7500         0.0000000E+00          0.0000000E+00
 81.2500         0.0000000E+00          0.0000000E+00
 81.7500         0.0000000E+00          0.0000000E+00
 82.2500         0.0000000E+00          0.0000000E+00
 82.7500         0.0000000E+00          0.0000000E+00
 83.2500         0.0000000E+00          0.0000000E+00
 83.7500         0.0000000E+00          0.0000000E+00
 84.2500         0.0000000E+00          0.0000000E+00
 84.7500         0.0000000E+00          0.0000000E+00
 85.2500         0.0000000E+00          0.0000000E+00
 85.7500         0.0000000E+00          0.0000000E+00
 86.2500         0.0000000E+00          0.0000000E+00
 86.7500         0.0000000E+00          0.0000000E+00
 87.2500         0.0000000E+00          0.0000000E+00
 87.7500         0.0000000E+00          0.0000000E+00
 88.2500         0.0000000E+00          0.0000000E+00
 88.7500         0.0000000E+00          0.0000000E+00
 89.2500         0.0000000E+00          0.0000000E+00
 89.7500         0.0000000E+00          0.0000000E+00
 90.2500         0.0000000E+00          0.0000000E+00
 90.7500         0.0000000E+00          0.0000000E+00
 91.2500         0.0000000E+00          0.0000000E+00
 91.7500         0.0000000E+00          0.0000000E+00
 92.2500         0.0000000E+00          0.0000000E+00
 92.7500         0.0000000E+00          0.0000000E+00
 93.2500         0.0000000E+00          0.0000000E+00
 93.7500         0.0000000E+00          0.0000000E+00
 94.2500         0.0000000E+00          0.0000000E+00
 94.7500         0.0000000E+00          0.0000000E+00
 95.2500         0.0000000E+00          0.0000000E+00
 95.7500         0.0000000E+00          0.0000000E+00
 96.2500         0.0000000E+00          0.0000000E+00
 96.7500         0.0000000E+00          0.0000000E+00
 97.2500         0.0000000E+00          0.0000000E+00
 97.7500         0.0000000E+00          0.0000000E+00
 98.2500         0.0000000E+00          0.0000000E+00
 98.7500         0.0000000E+00          0.0000000E+00
 99.2500         0.0000000E+00          0.0000000E+00
 99.7500         0.0000000E+00          0.0000000E+00
