C     31.35877987    28.04500000    23.3500
C      6.76365840    23.78500000    23.3500
C      5.53390233     8.87500000    23.3500
C     19.06121914    19.52500000    23.3500
S      4.30414626    15.26500000    23.3500
C     30.12902380     7.45500000    23.3500
C      9.22317055     6.74500000    23.3500
P      1.84463411    32.30500000    23.3500
C      0.61487804    21.65500000    23.3500
C     12.91243877    33.01500000    23.3500
C     12.91243877     3.19500000    23.3500
C     27.66951165    11.71500000    23.3500
C      4.30414626     6.74500000    23.3500
C      1.84463411     2.48500000    23.3500
C     19.06121914    30.88500000    23.3500
C     23.98024343    11.00500000    23.3500
S      9.22317055    11.00500000    23.3500
C      1.84463411    23.78500000    23.3500
C     15.37195092    33.01500000    23.3500
C     30.12902380    17.39500000    23.3500
C      9.22317055    30.88500000    23.3500
C      5.53390233    13.13500000    23.3500
C     23.98024343    13.84500000    23.3500
C     25.20999950    21.65500000    23.3500
C      6.76365840    11.00500000    23.3500
C     15.37195092     0.35500000    23.3500
C     15.37195092     4.61500000    23.3500
C      4.30414626     9.58500000    23.3500
C     12.91243877    15.97500000    23.3500
C      9.22317055     2.48500000    23.3500
C     28.89926772    26.62500000    23.3500
P     17.83146306     4.61500000    23.3500
C      9.22317055    13.84500000    23.3500
C     11.68268270     6.74500000    23.3500
C     30.12902380    33.01500000    23.3500
C      5.53390233     7.45500000    23.3500
P     11.68268270     5.32500000    23.3500
C     17.83146306    20.23500000    23.3500
C     27.66951165    21.65500000    23.3500
C     11.68268270    28.04500000    23.3500
C     11.68268270    26.62500000    23.3500
C      6.76365840     5.32500000    23.3500
C      3.07439018     4.61500000    23.3500
C     16.60170699     9.58500000    23.3500
C      3.07439018     7.45500000    23.3500
C     12.91243877    30.17500000    23.3500
S      7.99341448     8.87500000    23.3500
C      0.61487804    28.75500000    23.3500
C      0.61487804    24.49500000    23.3500
C     12.91243877    20.23500000    23.3500
C      0.61487804     3.19500000    23.3500
C     17.83146306     7.45500000    23.3500
C     14.14219484     2.48500000    23.3500
C     30.12902380    30.17500000    23.3500
C     16.60170699    28.04500000    23.3500
C     15.37195092     7.45500000    23.3500
C      4.30414626     5.32500000    23.3500
S      3.07439018    13.13500000    23.3500
C     23.98024343    23.78500000    23.3500
C     21.52073128     9.58500000    23.3500
C     11.68268270    19.52500000    23.3500
C     26.43975558    22.36500000    23.3500
C     19.06121914    32.30500000    23.3500
C     12.91243877    28.75500000    23.3500
C     16.60170699    22.36500000    23.3500
S     23.98024343    22.36500000    23.3500
C     31.35877987     6.74500000    23.3500
C     21.52073128    19.52500000    23.3500
C      7.99341448    15.97500000    23.3500
C      0.61487804     7.45500000    23.3500
C     10.45292662    17.39500000    23.3500
C      7.99341448     7.45500000    23.3500
C     27.66951165     0.35500000    23.3500
C      9.22317055    32.30500000    23.3500
C     15.37195092    25.91500000    23.3500
C     20.29097521    20.23500000    23.3500
C     12.91243877     0.35500000    23.3500
C      1.84463411     6.74500000    23.3500
C     31.35877987     2.48500000    23.3500
C     30.12902380     0.35500000    23.3500
S      4.30414626    22.36500000    23.3500
C      3.07439018     8.87500000    23.3500
C     28.89926772    13.84500000    23.3500
C      1.84463411    30.88500000    23.3500
C      6.76365840     6.74500000    23.3500
C     25.20999950     0.35500000    23.3500
C     28.89926772     2.48500000    23.3500
C      3.07439018    17.39500000    23.3500
C     20.29097521     8.87500000    23.3500
C      3.07439018    11.71500000    23.3500
C      1.84463411     1.06500000    23.3500
C     28.89926772    22.36500000    23.3500
C     30.12902380    21.65500000    23.3500
C     31.35877987    23.78500000    23.3500
C      6.76365840    30.88500000    23.3500
S      3.07439018    20.23500000    23.3500
C     16.60170699    26.62500000    23.3500
C     10.45292662    15.97500000    23.3500
C     28.89926772    15.26500000    23.3500
C     27.66951165    24.49500000    23.3500
C      0.61487804    33.01500000    23.3500
C     17.83146306    21.65500000    23.3500
C     19.06121914     9.58500000    23.3500
C     11.68268270     1.06500000    23.3500
P      4.30414626    19.52500000    23.3500
C      9.22317055     5.32500000    23.3500
C     15.37195092     3.19500000    23.3500
C      7.99341448    13.13500000    23.3500
C      4.30414626    13.84500000    23.3500
C     11.68268270    13.84500000    23.3500
C      9.22317055     1.06500000    23.3500
C     16.60170699    23.78500000    23.3500
C     15.37195092    20.23500000    23.3500
C      5.53390233     3.19500000    23.3500
C     31.35877987    26.62500000    23.3500
C      0.61487804    20.23500000    23.3500
C      4.30414626    32.30500000    23.3500
C     10.45292662     8.87500000    23.3500
S     11.68268270    18.10500000    23.3500
C     10.45292662    11.71500000    23.3500
C     28.89926772    32.30500000    23.3500
C      5.53390233     4.61500000    23.3500
C     20.29097521    30.17500000    23.3500
C     30.12902380    25.91500000    23.3500
C      7.99341448    11.71500000    23.3500
C      7.99341448    28.75500000    23.3500
C     12.91243877    24.49500000    23.3500
C     14.14219484     9.58500000    23.3500
C      0.61487804    17.39500000    23.3500
C     16.60170699    30.88500000    23.3500
C      3.07439018     3.19500000    23.3500
C     19.06121914    28.04500000    23.3500
C     12.91243877    21.65500000    23.3500
C     16.60170699     6.74500000    23.3500
C      4.30414626    30.88500000    23.3500
C      0.61487804    25.91500000    23.3500
C     14.14219484    26.62500000    23.3500
C     11.68268270    11.00500000    23.3500
C      3.07439018    15.97500000    23.3500
C     28.89926772    30.88500000    23.3500
C      7.99341448     3.19500000    23.3500
C     19.06121914    11.00500000    23.3500
C     28.89926772     9.58500000    23.3500
C     11.68268270     9.58500000    23.3500
C     10.45292662     3.19500000    23.3500
C     28.89926772    11.00500000    23.3500
C     12.91243877     7.45500000    23.3500
C      0.61487804     0.35500000    23.3500
C     25.20999950    13.13500000    23.3500
C     25.20999950    25.91500000    23.3500
C     11.68268270    23.78500000    23.3500
C     31.35877987     9.58500000    23.3500
C     14.14219484    28.04500000    23.3500
C     30.12902380    20.23500000    23.3500
C      9.22317055    15.26500000    23.3500
C     23.98024343     2.48500000    23.3500
C     14.14219484     5.32500000    23.3500
C     26.43975558    28.04500000    23.3500
C     23.98024343    26.62500000    23.3500
C     26.43975558    13.84500000    23.3500
C     12.91243877    25.91500000    23.3500
C     11.68268270    22.36500000    23.3500
P     10.45292662    33.01500000    23.3500
C     27.66951165     3.19500000    23.3500
C     31.35877987    32.30500000    23.3500
C     31.35877987    15.26500000    23.3500
C     31.35877987    19.52500000    23.3500
C     21.52073128    28.04500000    23.3500
C     10.45292662    13.13500000    23.3500
C     28.89926772    28.04500000    23.3500
C      1.84463411    11.00500000    23.3500
C     14.14219484     6.74500000    23.3500
P     28.89926772    18.10500000    23.3500
C     11.68268270    15.26500000    23.3500
C     12.91243877     4.61500000    23.3500
C     12.91243877    17.39500000    23.3500
C     27.66951165    25.91500000    23.3500
C      1.84463411    13.84500000    23.3500
C     17.83146306     8.87500000    23.3500
C      9.22317055     9.58500000    23.3500
C      3.07439018    21.65500000    23.3500
C      7.99341448     0.35500000    23.3500
C     15.37195092    17.39500000    23.3500
C     14.14219484    22.36500000    23.3500
C     12.91243877    13.13500000    23.3500
C     14.14219484    11.00500000    23.3500
C     30.12902380    11.71500000    23.3500
C     20.29097521    13.13500000    23.3500
C      0.61487804     4.61500000    23.3500
C     17.83146306    28.75500000    23.3500
C     31.35877987     1.06500000    23.3500
C     11.68268270     2.48500000    23.3500
C      1.84463411    22.36500000    23.3500
C     10.45292662    21.65500000    23.3500
C      6.76365840     9.58500000    23.3500
P     22.75048736     0.35500000    23.3500
C     16.60170699    19.52500000    23.3500
S     31.35877987     5.32500000    23.3500
C     10.45292662     0.35500000    23.3500
C     19.06121914    18.10500000    23.3500
C     26.43975558    23.78500000    23.3500
C     17.83146306    30.17500000    23.3500
C     26.43975558    11.00500000    23.3500
C      1.84463411    15.26500000    23.3500
C      7.99341448    33.01500000    23.3500
C     10.45292662    24.49500000    23.3500
C     30.12902380     4.61500000    23.3500
C     31.35877987    13.84500000    23.3500
C     22.75048736    11.71500000    23.3500
C     12.91243877     8.87500000    23.3500
C     25.20999950    11.71500000    23.3500
C     31.35877987    18.10500000    23.3500
C     31.35877987    22.36500000    23.3500
C      1.84463411     5.32500000    23.3500
C     27.66951165    20.23500000    23.3500
C      1.84463411    18.10500000    23.3500
C     16.60170699    18.10500000    23.3500
C      9.22317055    28.04500000    23.3500
C     30.12902380    15.97500000    23.3500
C     31.35877987    30.88500000    23.3500
C     26.43975558     2.48500000    23.3500
C     28.89926772     1.06500000    23.3500
C      3.07439018    30.17500000    23.3500
C      7.99341448    30.17500000    23.3500
C     28.89926772    19.52500000    23.3500
C     14.14219484    18.10500000    23.3500
C     27.66951165    30.17500000    23.3500
C      4.30414626    11.00500000    23.3500
C     10.45292662    30.17500000    23.3500
C      0.61487804    30.17500000    23.3500
C     14.14219484     1.06500000    23.3500
C      9.22317055    26.62500000    23.3500
C      0.61487804     8.87500000    23.3500
C      4.30414626    18.10500000    23.3500
C     30.12902380    24.49500000    23.3500
C     15.37195092    24.49500000    23.3500
C     23.98024343     9.58500000    23.3500
C     21.52073128    11.00500000    23.3500
S     20.29097521    11.71500000    23.3500
C     22.75048736    21.65500000    23.3500
C     10.45292662     4.61500000    23.3500
C     28.89926772    23.78500000    23.3500
C      5.53390233    33.01500000    23.3500
C      6.76365840    13.84500000    23.3500
C     11.68268270    30.88500000    23.3500
C      6.76365840    32.30500000    23.3500
C     16.60170699    32.30500000    23.3500
C     15.37195092    21.65500000    23.3500
C     30.12902380     3.19500000    23.3500
C     26.43975558    26.62500000    23.3500
P     20.29097521    28.75500000    23.3500
C     15.37195092     8.87500000    23.3500
C     22.75048736    20.23500000    23.3500
C      5.53390233     0.35500000    23.3500
C     30.12902380     8.87500000    23.3500
C     10.45292662    25.91500000    23.3500
C     27.66951165    28.75500000    23.3500
C      5.53390233    30.17500000    23.3500
P      4.30414626     1.06500000    23.3500
C     12.91243877    11.71500000    23.3500
C      0.61487804    13.13500000    23.3500
C      5.53390233    11.71500000    23.3500
C     17.83146306    17.39500000    23.3500
C     10.45292662     7.45500000    23.3500
C     10.45292662    28.75500000    23.3500
C      0.61487804    15.97500000    23.3500
F      6.76365840     1.06500000    23.3500
F     31.35877987    11.00500000    23.3500
F     14.14219484    19.52500000    23.3500
F      9.22317055    23.78500000    23.3500
F     14.14219484    23.78500000    23.3500
F      3.07439018    33.01500000    23.3500
F      6.76365840     2.48500000    23.3500
F     30.12902380    28.75500000    23.3500
F     30.12902380    13.13500000    23.3500
F     16.60170699     5.32500000    23.3500
F      0.61487804    11.71500000    23.3500
F     27.66951165    33.01500000    23.3500
F      7.99341448     4.61500000    23.3500
F      5.53390233    21.65500000    23.3500
F     27.66951165    13.13500000    23.3500
N     11.68268270    32.30500000    23.3500
N     22.75048736     8.87500000    23.3500
N      1.84463411    19.52500000    23.3500
N      3.07439018     0.35500000    23.3500
N     15.37195092    30.17500000    23.3500
N      4.30414626     2.48500000    23.3500
N     23.98024343     1.06500000    23.3500
N     26.43975558     1.06500000    23.3500
N      1.84463411     9.58500000    23.3500
N     25.20999950    24.49500000    23.3500
