0.777	0.000778706
0.81105	0.004743686
0.8451	0.012905724
0.87915	0.026344991
0.9132	0.043677787
0.94725	0.064053616
0.9813	0.099621875
1.01535	0.166613846
1.0494	0.255114496
1.08345	0.310195688
1.1175	0.310708742
1.15155	0.311364867
1.1856	0.312097432
1.21965	0.313179322
1.2537	0.314248645
1.28775	0.315744594
1.3218	0.317529953
1.35585	0.318866477
1.3899	0.320846729
1.42395	0.32327685
1.458	0.325113859
1.49205	0.328099387
1.5261	0.330667241
1.56015	0.333983672
1.5942	0.337091782
1.62825	0.340270824
1.6623	0.344092389
1.69635	0.347164
1.7304	0.351821087
1.76445	0.356139006
1.7985	0.36067902
1.83255	0.365571112
1.8666	0.370385214
1.90065	0.376070819
1.9347	0.38131413
1.96875	0.387271757
2.0028	0.393500373
2.03685	0.40028474
2.0709	0.406580157
2.10495	0.414571407
2.139	0.421679791
2.17305	0.42973302
2.2071	0.437590498
2.24115	0.446431214
2.2752	0.455332188
2.30925	0.464454396
2.3433	0.474146473
2.37735	0.484787183
2.4114	0.495464909
2.44545	0.506161918
2.4795	0.517384721
2.51355	0.529473174
2.5476	0.54252455
2.58165	0.554608355
2.6157	0.568229256
2.64975	0.582092739
2.6838	0.596769878
2.71785	0.611773098
2.7519	0.627894536
2.78595	0.643946936
2.82	0.661178155
2.85405	0.678580163
2.8881	0.697026873
2.92215	0.715978545
2.9562	0.736761201
2.99025	0.757712408
3.0243	0.77915532
3.05835	0.80121803
3.0924	0.823967164
3.12645	0.85005821
3.1605	0.874047283
3.19455	0.900869173
3.2286	0.928316025
3.26265	0.957353001
3.2967	0.986303377
3.33075	1.017977589
3.3648	1.050860922
3.39885	1.084361126
3.4329	1.11966425
3.46695	1.156949175
3.501	1.19600913
3.53505	1.236379095
3.5691	1.279354274
3.60315	1.324048356
3.6372	1.37056688
3.67125	1.420894401
3.7053	1.473550982
3.73935	1.52789255
3.7734	1.58665637
3.80745	1.649635671
3.8415	1.715623226
3.87555	1.788930584
3.9096	1.864872941
3.94365	1.947557312
3.9777	2.034118858
4.01175	2.130447373
4.0458	2.234588774
4.07985	2.349747067
4.1139	2.488256215
4.14795	2.727101899
4.182	3.116751094
4.21605	3.703817704
4.2501	4.520847962
4.28415	5.665613132
4.3182	7.371487467
4.35225	10.47752468
4.3863	14.25237629
4.42035	17.216585