0.1641	6000.0000000
0.19815	6000.0000000
0.2322	6000.0000000
0.26625	6000.0000000
0.3003	6000.0000000
0.33435	6000.0000000
0.3684	6000.0000000
0.40245	6000.0000000
0.4365	6000.0000000
0.47055	6000.0000000
0.5046	6000.0000000
0.53865	6000.0000000
0.5727	6000.0000000
0.60675	6000.0000000
0.6408	6000.0000000
0.67485	6000.0000000
0.7089	6000.0000000
0.74295	6000.0000000
0.777	-1977.1873728
0.81105	-1877.6448659
0.8451	-1836.6930886
0.87915	-1810.2801810
0.9132	-1793.1426592
0.94725	-1778.8721651
0.9813	-1752.9661343
1.01535	-1714.9860009
1.0494	-1679.7752664
1.08345	-1660.7779105
1.1175	-1655.0476382
1.15155	-1646.4504811
1.1856	-1635.3103267
1.21965	-1621.9982233
1.2537	-1607.3176532
1.28775	-1591.1730564
1.3218	-1573.5348138
1.35585	-1555.4011283
1.3899	-1536.4846470
1.42395	-1516.7579207
1.458	-1497.2082456
1.49205	-1476.9322263
1.5261	-1456.8026370
1.56015	-1436.3844223
1.5942	-1416.1397504
1.62825	-1395.9323002
1.6623	-1375.8603030
1.69635	-1356.1454594
1.7304	-1336.4163452
1.76445	-1316.9667291
1.7985	-1297.8062739
1.83255	-1279.0430333
1.8666	-1260.5875083
1.90065	-1242.2399896
1.9347	-1224.3840295
1.96875	-1207.1568056
2.0028	-1189.8943031
2.03685	-1173.1545856
2.0709	-1156.7265732
2.10495	-1140.5936542
2.139	-1124.7146666
2.17305	-1109.2783342
2.2071	-1094.2382103
2.24115	-1079.3447535
2.2752	-1064.9140852
2.30925	-1051.0905904
2.3433	-1037.0703911
2.37735	-1023.4112803
2.4114	-1010.3129158
2.44545	-997.5230807
2.4795	-984.8941808
2.51355	-972.7200208
2.5476	-960.4517926
2.58165	-948.8661732
2.6157	-937.3729343
2.64975	-926.0200832
2.6838	-915.0841566
2.71785	-904.3477076
2.7519	-893.7352685
2.78595	-883.4786578
2.82	-873.5328266
2.85405	-863.5813344
2.8881	-854.1076309
2.92215	-844.5072004
2.9562	-835.3128311
2.99025	-826.4023321
3.0243	-817.5344942
3.05835	-808.9812428
3.0924	-800.7747547
3.12645	-792.4162514
3.1605	-784.5281235
3.19455	-776.7204311
3.2286	-769.2162683
3.26265	-761.6861312
3.2967	-754.6136065
3.33075	-747.7330242
3.3648	-740.8677956
3.39885	-734.3522138
3.4329	-728.0249074
3.46695	-721.8379641
3.501	-715.9914749
3.53505	-710.3199000
3.5691	-704.7513940
3.60315	-699.5924428
3.6372	-694.7125340
3.67125	-690.0007128
3.7053	-685.6382890
3.73935	-681.5812854
3.7734	-677.7929250
3.80745	-674.3447230
3.8415	-671.4424464
3.87555	-668.9830756
3.9096	-667.8064850
3.94365	-671.0566488
3.9777	-690.2033507
4.01175	-739.8457443
4.0458	-812.8983321
4.07985	-888.1499657
4.1139	-954.0871055
4.14795	-1005.5323214
4.182	-1042.0342604
4.21605	-1064.8824413
4.2501	-1076.3076540
4.28415	-1077.5358872
4.3182	-1068.6952437
4.35225	-1046.2817337
4.3863	-1022.6922925
4.42035	-1005.2380000
4.4544	-1000.6740000
4.48845	-993.0745000
4.5225	-982.9515000
4.55655	-970.7339000
4.5906	-956.7599000
4.62465	-941.3957000
4.6587	-924.8868000
4.69275	-907.4941000
4.7268	-889.4246000
4.76085	-870.8200000
4.7949	-851.8594000
4.82895	-832.6956000
4.863	-813.3931000
4.89705	-794.0769000
4.9311	-774.8214000
4.96515	-755.6976000
4.9992	-736.7327000
5.03325	-718.0292000
5.0673	-699.5690000
5.10135	-681.4205000
5.1354	-663.5889000
5.16945	-646.1261000
5.2035	-629.0102000
5.23755	-612.2767000
5.2716	-595.9520000
5.30565	-579.9850000
5.3397	-564.4373000
5.37375	-549.2666000
5.4078	-534.5110000
5.44185	-520.1474000
5.4759	-506.1777000
5.50995	-492.5882000
5.544	-479.3762000
5.57805	-466.5511000
5.6121	-454.0837000
5.64615	-441.9795000
5.6802	-430.2294000
5.71425	-418.8336000
5.7483	-407.7785000
5.78235	-397.0314000
5.8164	-386.6335000
5.85045	-376.5299000
5.8845	-366.7316000
5.91855	-357.2302000
5.9526	-348.0180000
5.98665	-339.0881000
6.0207	-330.4057000
6.05475	-322.0161000
6.0888	-313.8501000
6.12285	-305.9516000
6.1569	-298.2817000
6.19095	-290.8493000
6.225	-283.6315000
6.25905	-276.6338000
6.2931	-269.8436000
6.32715	-263.2566000
6.3612	-256.8656000
6.39525	-250.6596000
6.4293	-244.6447000
6.46335	-238.7928000
6.4974	-233.1160000
6.53145	-227.6137000
6.5655	-222.2648000
6.59955	-217.0722000
6.6336	-212.0327000
6.66765	-207.1281000
6.7017	-202.3672000
6.73575	-197.7375000
6.7698	-193.2510000
6.80385	-188.8735000
6.8379	-184.6315000
6.87195	-180.4938000
6.906	-176.4767000
6.94005	-172.5740000
6.9741	-168.7727000
7.00815	-165.0809000
7.0422	-161.4866000
7.07625	-157.9818000
7.1103	-154.5802000
7.14435	-151.2695000
7.1784	-148.0403000
7.21245	-144.8960000
7.2465	-141.8358000
7.28055	-138.8573000
7.3146	-135.9493000
7.34865	-133.1193000
7.3827	-130.3642000
7.41675	-127.6769000
7.4508	-125.0585000
7.48485	-122.5055000
7.5189	-120.0170000
7.55295	-117.5915000
7.587	-115.2220000
7.62105	-112.9114000
7.6551	-110.6575000
7.68915	-108.4609000
7.7232	-106.3159000
7.75725	-104.2204000
7.7913	-102.1738000
7.82535	-100.1805000
7.8594	-98.2332900
7.89345	-96.3326100
7.9275	-94.4756000
7.96155	-92.6610600
7.9956	-90.8840000
8.02965	-89.1538700
8.0637	-87.4594300
8.09775	-85.8096200
8.1318	-84.1910100
8.16585	-82.6126500
8.1999	-81.0678000
8.23395	-79.5576800
8.268	-78.0798200
8.30205	-76.6349800
8.3361	-75.2219800
8.37015	-73.8410300
8.4042	-72.4868000
8.43825	-71.1645600
8.4723	-69.8713100
8.50635	-68.6041900
8.5404	-67.3626200
8.57445	-66.1506400
8.6085	-64.9624900
8.64255	-63.7997200
8.6766	-62.6609200
8.71065	-61.5437700
8.7447	-60.4512000
8.77875	-59.3837700
8.8128	-58.3343400
8.84685	-57.3073900
8.8809	-56.3011900
8.91495	-55.3147500
8.949	-54.3497600
8.98305	-53.4024400
9.0171	-52.4741500
9.05115	-51.5649800
9.0852	-50.6735800
9.11925	-49.7995600
9.1533	-48.9421600
9.18735	-48.1010800
9.2214	-47.2771700
9.25545	-46.4671200
9.2895	-45.6754100
9.32355	-44.8964600
9.3576	-44.1351300
9.39165	-43.3857100
9.4257	-42.6502500
9.45975	-41.9294600
9.4938	-41.2219500
9.52785	-40.5280500
9.5619	-39.8460600
9.59595	-39.1767500
9.63	-38.5202700
9.66405	-37.8760400
9.6981	-37.2425600
9.73215	-36.6210500
9.7662	-36.0102500
9.80025	-35.4109900
9.8343	-34.8216100
9.86835	-34.2433800
9.9024	-33.6750600
9.93645	-33.1178600
9.9705	-32.5689200
10.00455	-32.0298800
10.0386	-31.5010400
10.07265	-30.9813500
10.1067	-30.4694300
10.14075	-29.9676100
10.1748	-29.4732600
10.20885	-28.9883300
10.2429	-28.5107400
10.27695	-28.0419500
10.311	-27.5815500
10.34505	-27.1277500
10.3791	-26.6814400
10.41315	-26.2439500
10.4472	-25.8129200
10.48125	-25.3890200
10.5153	-24.9719000
10.54935	-24.5618900
10.5834	-24.1586300
10.61745	-23.7617400
10.6515	-23.3713900
10.68555	-22.9870400
10.7196	-22.6092600
10.75365	-22.2378800
10.7877	-21.8722300
10.82175	-21.5119800
10.8558	-21.1577700
10.88985	-20.8089700
10.9239	-20.4662300
10.95795	-20.1282100
10.992	-19.7956400
11.02605	-19.4690500
11.0601	-19.1465200
11.09415	-18.8290700
11.1282	-18.5172600
11.16225	-18.2095800
11.1963	-17.9061200
11.23035	-17.6080500
11.2644	-17.3146700
11.29845	-17.0256600
11.3325	-16.7407300
11.36655	-16.4790100
11.4006	-16.2229300
11.43465	-15.9704500
11.4687	-15.7224000
11.50275	-15.4781400
11.5368	-15.2372400
11.57085	-15.0003300
11.6049	-14.7663600
11.63895	-14.5367400
11.673	-14.3096800
11.70705	-14.0869200
11.7411	-13.8669000
11.77515	-13.6504500
11.8092	-13.4375000
11.84325	-13.2270000
11.8773	-13.0198200
11.91135	-12.8156300
11.9454	-12.6146100
11.97945	-12.4165800
12.0135	-12.2211500
12.04755	-12.0283400
12.0816	-11.8388500
12.11565	-11.6518500
12.1497	-11.4675400
12.18375	-11.2864200
12.2178	-11.1067300
12.25185	-10.9305000
12.2859	-10.7562900
12.31995	-10.5849500
12.354	-10.4157900
12.38805	-10.2490100
12.4221	-10.0848900
12.45615	-9.9227740
12.4902	-9.7629950
12.52425	-9.6052630
12.5583	-9.4496950
12.59235	-9.2965970
12.6264	-9.1452690
12.66045	-8.9961160
12.6945	-8.8492500
12.72855	-8.7040730
12.7626	-8.5608850
12.79665	-8.4197300
12.8307	-8.2804580
12.86475	-8.1432000
12.8988	-8.0076640
12.93285	-7.8739570
12.9669	-7.7420820
13.00095	-7.6118700
13.035	-7.4835040
13.06905	-7.3568000
13.1031	-7.2316120
13.13715	-7.1082020
13.1712	-6.9864390
13.20525	-6.8663750
13.2393	-6.7478050
13.27335	-6.6305830
13.3074	-6.5151950
13.34145	-6.4009490
13.3755	-6.2885580
13.40955	-6.1774120
13.4436	-6.0677460
13.47765	-5.9593800
13.5117	-5.8525170
13.54575	-5.7469580
13.5798	-5.6428200
13.61385	-5.5398530
13.6479	-5.4383090
13.68195	-5.3380120
13.716	-5.2389530
13.75005	-5.1412160
13.7841	-5.0446700
13.81815	-4.9493060
13.8522	-4.8551420
13.88625	-4.7620910
13.9203	-4.6702980
13.95435	-4.5793870
13.9884	-4.4898520
14.02245	-4.4014110
14.0565	-4.3139870
14.09055	-4.2276820
14.1246	-4.1423130
14.15865	-4.0579830
14.1927	-3.9747830
14.22675	-3.8925930
14.2608	-3.8113490
14.29485	-3.7311470
14.3289	-3.6517200
14.36295	-3.5733550
14.397	-3.4959330
14.43105	-3.4194910
14.4651	-3.3439220
14.49915	-3.2693170
14.5332	-3.1953950
14.56725	-3.1225480
14.6013	-3.0503800
14.63535	-2.9791360
14.6694	-2.9086670
14.70345	-2.8501100
14.7375	-2.8016360
14.77155	-2.7537780
14.8056	-2.7064850
14.83965	-2.6597920
14.8737	-2.6137750
14.90775	-2.5681520
14.9418	-2.5231800
14.97585	-2.4786930
15.0099	-2.4347840
15.04395	-2.3914940
15.078	-2.3485330
15.11205	-2.3062840
15.1461	-2.2643990
15.18015	-2.2230510
15.2142	-2.1822170
15.24825	-2.1419510
15.2823	-2.1020190
15.31635	-2.0626780
15.3504	-2.0236020
15.38445	-1.9851840
15.4185	-1.9472260
15.45255	-1.9095860
15.4866	-1.8725190
15.52065	-1.8357600
15.5547	-1.7995040
15.58875	-1.7636380
15.6228	-1.7282310
15.65685	-1.6931990
15.6909	-1.6585420
15.72495	-1.6243520
15.759	-1.5905240
15.79305	-1.5571350
15.8271	-1.5240280
15.86115	-1.4913280
15.8952	-1.4591410
15.92925	-1.4270950
15.9633	-1.3955590
15.99735	-1.3643600
16.0314	-1.3334400
16.06545	-1.3029670
16.0995	-1.2728160
16.13355	-1.2429270
16.1676	-1.2134890
16.20165	-1.1842870
16.2357	-1.1554420
16.26975	-1.1269450
16.3038	-1.0987190
16.33785	-1.0708090
16.3719	-1.0432340
16.40595	-1.0159190
16.44	-0.9889749
16.47405	-0.9623225
16.5081	-0.9358890
16.54215	-0.9097809
16.5762	-0.8839651
16.61025	-0.8584236
16.6443	-0.8331806
16.67835	-0.8081599
16.7124	-0.7834571
16.74645	-0.7590002
16.7805	-0.7348188
16.81455	-0.7108744
16.8486	-0.6871751
16.88265	-0.6637913
16.9167	-0.6405902
16.95075	-0.6176931
16.9848	-0.5950157
17.01885	-0.5725576
17.0529	-0.5503551
17.08695	-0.5283797
17.121	-0.5066608
17.15505	-0.4851347
17.1891	-0.4638874
17.22315	-0.4428210
17.2572	-0.4219757
17.29125	-0.4013645
17.3253	-0.3809384
17.35935	-0.3607627
17.3934	-0.3407667
17.42745	-0.3209723
17.4615	-0.3014041
17.49555	-0.2820238
17.5296	-0.2628689
17.56365	-0.2438892
17.5977	-0.2250973
17.63175	-0.2065172
17.6658	-0.1881072
17.69985	-0.1698970
17.7339	-0.1518574
17.76795	-0.1340282
17.802	-0.1163501
17.83605	-0.0988604
17.8701	-0.0815502
17.90415	-0.0644167
17.9382	-0.0474506
17.97225	-0.0306556
18.0063	-0.0140314
18.04035	0.0000000